team,games,points,wins,ties,losses,goals_for,goals_against,goal_diff,xg_for,xg_against,xg_diff,players_used,avg_age,possession,games_starts,minutes,minutes_90s,assists,goals_assists,goals_pens,pens_made,pens_att,cards_yellow,cards_red
Arsenal,31,74,23,5,3,74,31,+43,61.6,33.4,+28.2,26,25.3,60.0,341,"2,790",31.0,54,125,68,3,4,45,0
Manchester City,30,70,22,4,4,78,28,+50,63.5,24.5,+39.0,22,28.0,64.8,330,"2,700",30.0,56,132,68,8,8,37,1
Manchester Utd,30,59,18,5,7,46,37,+9,49.3,38.7,+10.5,26,27.6,53.9,330,"2,700",30.0,35,79,42,2,2,63,2
Newcastle Utd,30,56,15,11,4,48,24,+24,50.4,30.7,+19.7,26,28.1,51.3,330,"2,700",30.0,31,77,42,4,4,51,1
Tottenham,31,53,16,5,10,57,45,+12,45.4,37.4,+8.0,27,28.4,50.5,341,"2,790",31.0,36,91,51,4,5,64,3
Aston Villa,31,50,15,5,11,44,40,+4,40.3,44.2,-3.9,26,27.7,49.6,341,"2,790",31.0,29,71,39,3,3,60,1
Brighton,29,49,14,7,8,54,37,+17,54.0,33.6,+20.4,26,27.4,59.8,319,"2,610",29.0,34,84,45,5,5,38,0
Liverpool,30,47,13,8,9,56,36,+20,54.7,42.6,+12.1,27,28.2,59.3,330,"2,700",30.0,43,95,52,0,2,44,1
Brentford,31,43,10,13,8,47,42,+5,45.1,40.6,+4.5,25,27.0,43.6,341,"2,790",31.0,27,73,39,7,8,43,1
Fulham,30,42,12,6,12,42,41,+1,36.9,50.0,-13.1,29,29.0,48.5,330,"2,700",30.0,24,63,35,4,7,71,1
Chelsea,31,39,10,9,12,30,33,-3,39.5,39.1,+0.4,32,27.2,58.5,341,"2,790",31.0,21,51,27,3,3,69,3
Crystal Palace,31,36,9,9,13,31,40,-9,31.0,41.2,-10.2,26,27.6,44.1,341,"2,790",31.0,24,53,29,0,2,71,3
Wolves,31,34,9,7,15,26,42,-16,30.7,44.0,-13.3,31,27.4,50.5,341,"2,790",31.0,10,34,22,2,2,66,6
Bournemouth,31,33,9,6,16,31,59,-28,31.2,54.0,-22.8,31,27.1,39.0,341,"2,790",31.0,21,52,31,0,0,56,0
West Ham,30,31,8,7,15,29,41,-12,38.7,38.3,+0.4,25,28.9,42.4,330,"2,700",30.0,15,43,22,6,8,37,0
Leeds United,31,29,7,8,16,40,60,-20,38.8,52.2,-13.3,28,25.8,48.0,341,"2,790",31.0,27,65,37,1,2,68,2
Everton,31,27,6,9,16,24,46,-22,33.9,53.5,-19.5,28,27.3,43.5,341,"2,790",31.0,19,42,21,2,2,67,1
Nott'ham Forest,31,27,6,9,16,24,56,-32,31.3,51.1,-19.9,33,27.2,39.9,341,"2,790",31.0,14,37,22,1,3,72,0
Leicester City,31,25,7,4,20,41,55,-14,38.0,50.8,-12.8,28,26.9,48.7,341,"2,790",31.0,28,67,38,1,2,50,2
Southampton,31,23,6,5,20,24,53,-29,29.2,43.6,-14.4,31,25.2,45.3,341,"2,790",31.0,16,40,23,1,3,57,0
