team,games,points,wins,ties,losses,goals_for,goals_against,goal_diff,xg_for,xg_against,xg_diff,players_used,avg_age,possession,games_starts,minutes,minutes_90s,assists,goals_assists,goals_pens,pens_made,pens_att,cards_yellow,cards_red
Napoli,30,75,24,3,3,66,21,+45,53.2,25.3,+27.9,26,27.2,61.7,330,"2,700",30.0,50,114,58,6,7,39,1
Lazio,30,61,18,7,5,49,20,+29,39.3,33.0,+6.2,22,29.4,51.8,330,"2,700",30.0,29,77,43,5,7,65,2
Roma,30,56,17,5,8,42,26,+16,47.4,23.8,+23.6,27,28.5,48.7,330,"2,700",30.0,29,71,36,6,9,63,3
Milan,30,53,15,8,7,49,37,+12,47.0,32.4,+14.6,29,26.7,53.5,330,"2,700",30.0,37,83,43,3,3,80,2
Inter,30,51,16,3,11,48,34,+14,55.0,27.1,+27.9,24,29.5,56.1,330,"2,700",30.0,32,79,43,4,5,54,2
Atalanta,30,49,14,7,9,48,35,+13,46.6,32.7,+13.9,25,27.1,50.4,330,"2,700",30.0,31,78,41,6,8,73,3
Juventus,30,59,18,5,7,47,25,+22,43.9,31.6,+12.3,29,28.4,49.1,330,"2,700",30.0,37,84,44,3,5,57,6
Bologna,30,44,12,8,10,39,37,+2,32.1,38.1,-6.0,27,27.5,52.7,330,"2,700",30.0,31,69,34,4,4,70,2
Fiorentina,30,42,11,9,10,35,33,+2,42.3,34.7,+7.6,29,27.4,56.7,330,"2,700",30.0,23,56,29,4,6,69,2
Sassuolo,30,40,11,7,12,38,43,-5,40.0,38.9,+1.1,29,26.9,48.8,330,"2,700",30.0,24,61,31,6,7,69,2
Torino,30,39,10,9,11,31,36,-5,33.0,34.5,-1.5,28,26.0,53.2,330,"2,700",30.0,25,56,29,2,2,66,0
Udinese,30,39,9,12,9,39,39,0,39.5,40.9,-1.4,27,26.8,48.1,330,"2,700",30.0,33,71,37,1,2,69,1
Monza,30,38,10,8,12,35,41,-6,36.5,38.5,-2.0,31,27.3,55.3,330,"2,700",30.0,22,56,30,4,4,71,2
Empoli,30,32,7,11,12,25,37,-12,28.9,47.0,-18.1,30,25.9,47.7,330,"2,700",30.0,13,38,24,1,1,72,6
Salernitana,30,30,6,12,12,34,50,-16,29.7,55.0,-25.3,28,28.1,44.5,330,"2,700",30.0,22,54,31,1,1,66,4
Lecce,30,28,6,10,14,26,36,-10,26.2,33.4,-7.2,29,25.4,42.0,330,"2,700",30.0,17,41,23,1,2,67,2
Spezia,30,26,5,11,14,25,48,-23,30.6,50.9,-20.3,34,26.4,46.8,330,"2,700",30.0,14,37,19,4,4,82,5
Hellas Verona,30,23,5,8,17,24,43,-19,28.8,37.9,-9.2,36,27.3,42.5,330,"2,700",30.0,17,39,22,0,0,82,3
Cremonese,30,19,3,10,17,27,54,-27,31.7,53.7,-22.0,31,26.7,42.9,330,"2,700",30.0,13,40,23,4,6,71,1
Sampdoria,30,16,3,7,20,19,51,-32,26.4,48.8,-22.4,37,28.5,47.5,330,"2,700",30.0,15,34,18,1,2,93,2
