team,games,points,wins,ties,losses,goals_for,goals_against,goal_diff,xg_for,xg_against,xg_diff,players_used,avg_age,possession,games_starts,minutes,minutes_90s,assists,goals_assists,goals_pens,pens_made,pens_att,cards_yellow,cards_red
Bayern Munich,28,59,17,8,3,78,30,+48,60.7,30.3,+30.5,27,27.4,63.8,308,"2,520",28.0,56,132,74,2,4,45,3
Dortmund,28,57,18,3,7,62,39,+23,51.6,36.4,+15.2,29,26.5,57.5,308,"2,520",28.0,45,105,57,3,3,58,0
Union Berlin,28,52,15,7,6,43,31,+12,30.8,35.4,-4.7,28,28.6,43.3,308,"2,520",28.0,30,71,38,3,7,51,2
RB Leipzig,28,51,15,6,7,53,35,+18,49.8,31.3,+18.5,25,27.0,58.5,308,"2,520",28.0,33,86,49,4,5,55,1
Freiburg,28,50,14,8,6,41,37,+4,38.9,40.7,-1.8,26,28.1,48.6,308,"2,520",28.0,27,68,35,6,7,55,1
Leverkusen,28,44,13,5,10,51,41,+10,44.4,35.0,+9.4,26,25.5,52.3,308,"2,520",28.0,40,91,48,3,5,58,5
Eint Frankfurt,28,42,11,9,8,49,41,+8,42.8,35.8,+7.0,27,27.0,52.1,308,"2,520",28.0,28,76,43,5,5,53,1
Mainz 05,28,42,11,9,8,46,39,+7,38.3,38.9,-0.5,26,27.7,45.4,308,"2,520",28.0,30,76,42,4,6,53,1
Wolfsburg,28,40,10,10,8,46,36,+10,39.4,38.3,+1.0,27,25.5,50.5,308,"2,520",28.0,35,79,40,4,6,52,0
M'Gladbach,28,36,9,9,10,43,45,-2,41.7,42.1,-0.5,27,27.5,52.8,308,"2,520",28.0,34,77,41,2,4,50,2
Köln,28,32,7,11,10,37,46,-9,36.8,35.1,+1.8,26,26.8,49.8,308,"2,520",28.0,23,57,32,2,2,59,3
Werder Bremen,28,32,9,5,14,43,54,-11,33.9,43.9,-10.1,24,28.1,50.7,308,"2,520",28.0,30,72,37,5,6,58,1
Hoffenheim,28,29,8,5,15,38,47,-9,40.3,40.2,+0.1,31,27.4,49.1,308,"2,520",28.0,25,62,32,5,7,69,4
Augsburg,28,29,8,5,15,37,53,-16,30.0,49.0,-19.0,34,26.9,42.6,308,"2,520",28.0,24,60,32,4,5,81,3
Bochum,28,27,8,3,17,31,61,-30,31.8,53.9,-22.0,26,30.1,45.7,308,"2,520",28.0,22,51,26,3,3,50,1
Stuttgart,28,24,5,9,14,35,50,-15,37.0,38.1,-1.1,30,25.4,49.0,308,"2,520",28.0,28,63,32,3,3,62,5
Schalke 04,28,24,5,9,14,26,52,-26,32.1,43.0,-10.9,35,28.2,45.4,308,"2,520",28.0,17,41,21,3,4,53,1
Hertha BSC,28,22,5,7,16,33,55,-22,32.2,44.9,-12.7,26,26.7,42.9,308,"2,520",28.0,17,50,27,6,6,63,1
