team,games,points,wins,ties,losses,goals_for,goals_against,goal_diff,xg_for,xg_against,xg_diff,players_used,avg_age,possession,games_starts,minutes,minutes_90s,assists,goals_assists,goals_pens,pens_made,pens_att,cards_yellow,cards_red
Barcelona,29,73,23,4,2,53,9,+44,55.9,22.7,+33.2,27,26.6,62.9,319,"2,610",29.0,41,94,53,0,2,66,6
Real Madrid,29,62,19,5,5,61,24,+37,62.6,26.6,+36.1,26,28.2,59.4,319,"2,610",29.0,45,104,52,7,10,52,1
Atlético Madrid,29,60,18,6,5,47,21,+26,45.2,28.9,+16.3,26,29.3,50.7,319,"2,610",29.0,33,79,46,0,0,73,7
Real Sociedad,29,51,15,6,8,37,28,+9,38.4,25.7,+12.7,30,26.6,55.5,319,"2,610",29.0,26,61,34,1,3,73,2
Betis,29,48,14,6,9,37,30,+7,41.4,37.8,+3.6,30,29.2,50.3,319,"2,610",29.0,19,53,26,8,9,65,12
Villarreal,29,47,14,5,10,38,28,+10,43.1,37.3,+5.8,31,29.5,55.5,319,"2,610",29.0,23,60,33,4,5,70,4
Athletic Club,29,43,12,7,10,40,29,+11,39.2,25.8,+13.4,26,28.2,51.1,319,"2,610",29.0,29,68,36,3,4,58,4
Rayo Vallecano,29,40,10,10,9,35,34,+1,34.0,38.1,-4.1,28,28.7,52.5,319,"2,610",29.0,22,53,28,3,7,75,4
Girona,29,38,10,8,11,44,42,+2,39.0,38.3,+0.7,29,26.8,51.3,319,"2,610",29.0,30,71,34,7,8,75,2
Osasuna,29,38,10,8,11,25,30,-5,29.2,31.4,-2.2,25,28.4,49.3,319,"2,610",29.0,19,43,20,4,5,80,5
Mallorca,29,37,10,7,12,26,30,-4,25.6,31.1,-5.5,27,28.6,41.8,319,"2,610",29.0,19,44,22,3,4,103,3
Celta Vigo,29,36,9,9,11,36,40,-4,35.8,31.5,+4.3,25,27.7,50.9,319,"2,610",29.0,25,59,32,2,3,63,5
Sevilla,29,35,9,8,12,35,44,-9,33.7,43.7,-10.0,33,29.6,54.6,319,"2,610",29.0,23,58,33,2,3,103,11
Valladolid,29,32,9,5,15,25,48,-23,27.9,51.0,-23.1,35,28.4,47.9,319,"2,610",29.0,20,45,24,1,2,75,5
Getafe,29,31,7,10,12,27,36,-9,26.0,35.5,-9.5,25,28.0,40.5,319,"2,610",29.0,16,43,23,4,7,90,8
Cádiz,29,31,7,10,12,23,42,-19,28.0,48.3,-20.3,36,29.8,41.1,319,"2,610",29.0,14,36,19,3,3,84,7
Almería,29,30,8,6,15,35,50,-15,33.8,49.8,-16.0,29,27.1,45.4,319,"2,610",29.0,24,59,34,1,2,84,3
Valencia,29,27,7,6,16,30,36,-6,37.1,35.0,+2.1,27,24.9,54.7,319,"2,610",29.0,15,44,24,5,8,74,6
Espanyol,29,27,6,9,14,35,49,-14,33.5,39.9,-6.3,32,28.3,42.4,319,"2,610",29.0,22,57,32,3,3,75,9
Elche,29,13,2,7,20,20,59,-39,25.5,56.7,-31.1,32,29.2,42.2,319,"2,610",29.0,13,33,16,4,5,84,12
