team,games,points,wins,ties,losses,goals_for,goals_against,goal_diff,xg_for,xg_against,xg_diff,players_used,avg_age,possession,games_starts,minutes,minutes_90s,assists,goals_assists,goals_pens,pens_made,pens_att,cards_yellow,cards_red
Paris S-G,31,72,23,3,5,73,30,+43,63.2,37.3,+25.9,25,27.6,60.4,341,"2,790",31.0,55,126,67,4,6,48,3
Marseille,31,64,19,7,5,57,30,+27,53.5,37.1,+16.4,29,28.0,56.1,341,"2,790",31.0,32,84,47,5,6,53,4
Lens,31,63,18,9,4,51,25,+26,54.1,33.5,+20.6,28,27.0,55.9,341,"2,790",31.0,36,85,45,4,7,49,2
Monaco,31,61,18,7,6,66,43,+23,52.1,41.2,+10.9,27,25.5,49.0,341,"2,790",31.0,45,110,61,4,7,51,5
Lille,31,55,16,7,8,56,39,+17,57.0,33.8,+23.2,25,26.8,59.8,341,"2,790",31.0,35,91,49,7,8,66,1
Rennes,31,53,16,5,10,51,33,+18,48.6,38.1,+10.5,32,25.9,54.6,341,"2,790",31.0,34,83,47,2,2,48,6
Lyon,31,50,14,8,9,49,34,+15,48.3,39.6,+8.7,28,26.3,57.9,341,"2,790",31.0,34,82,43,5,6,50,2
Reims,31,47,11,14,6,40,32,+8,51.7,41.1,+10.5,30,25.6,47.2,341,"2,790",31.0,28,68,34,6,7,59,8
Nice,31,45,11,12,8,38,29,+9,42.7,34.7,+8.0,32,27.3,51.1,341,"2,790",31.0,28,66,32,6,7,44,3
Lorient,31,45,12,9,10,43,43,0,36.6,47.9,-11.3,28,25.9,45.5,341,"2,790",31.0,26,66,36,4,5,33,3
Clermont Foot,31,43,12,7,12,33,42,-9,36.5,48.6,-12.1,27,27.8,48.9,341,"2,790",31.0,18,50,26,6,8,62,4
Toulouse,31,38,11,5,15,47,54,-7,43.6,48.7,-5.1,29,25.9,50.7,341,"2,790",31.0,30,76,42,4,4,53,3
Montpellier,31,37,11,4,16,47,52,-5,39.6,50.6,-11.0,30,26.7,46.3,341,"2,790",31.0,30,76,41,5,5,57,9
Auxerre,31,32,8,8,15,29,52,-23,34.1,45.1,-11.0,33,28.2,43.6,341,"2,790",31.0,16,42,20,6,8,48,6
Nantes,31,31,6,13,12,33,44,-11,35.3,42.3,-7.0,29,27.5,46.7,341,"2,790",31.0,24,55,28,3,5,50,4
Brest,31,31,7,10,14,35,48,-13,35.1,49.7,-14.6,29,27.3,44.1,341,"2,790",31.0,23,57,29,5,6,51,2
Strasbourg,31,29,6,11,14,41,53,-12,38.4,49.9,-11.5,29,28.3,46.5,341,"2,790",31.0,21,59,35,3,5,65,6
Troyes,31,21,4,9,18,39,67,-28,34.2,60.8,-26.6,30,26.6,43.3,341,"2,790",31.0,23,60,33,4,4,51,4
Ajaccio,31,21,6,3,22,22,58,-36,34.2,42.6,-8.4,33,30.1,45.6,341,"2,790",31.0,12,33,15,6,9,74,7
Angers,31,14,3,5,23,24,66,-42,34.2,50.3,-16.1,33,26.6,46.6,341,"2,790",31.0,13,35,19,3,3,59,5
